//========================================================================
// Data set for ubmark-vvadd
//========================================================================

int eval_size = 256;

int eval_input[] =
{
    22,
    9,
    2,
    28,
    119,
    84,
    62,
    51,
    3,
    2,
    103,
    36,
    34,
    119,
    11,
    43,
    11,
    84,
    2,
    81,
    119,
    51,
    107,
    91,
    107,
    12,
    16,
    59,
    28,
    57,
    48,
    107,
    111,
    5,
    94,
    32,
    24,
    68,
    13,
    79,
    18,
    53,
    28,
    116,
    39,
    17,
    17,
    120,
    37,
    94,
    96,
    33,
    122,
    11,
    103,
    24,
    61,
    127,
    93,
    127,
    109,
    21,
    93,
    127,
    66,
    58,
    50,
    58,
    17,
    112,
    38,
    88,
    64,
    127,
    7,
    60,
    45,
    124,
    76,
    119,
    25,
    66,
    95,
    39,
    61,
    73,
    74,
    120,
    17,
    81,
    96,
    124,
    58,
    60,
    95,
    120,
    12,
    96,
    78,
    95,
    54,
    66,
    46,
    49,
    110,
    6,
    67,
    38,
    39,
    105,
    101,
    55,
    91,
    127,
    82,
    79,
    3,
    78,
    99,
    124,
    62,
    80,
    56,
    5,
    4,
    18,
    27,
    96,
    126,
    126,
    92,
    43,
    103,
    79,
    74,
    57,
    58,
    1,
    9,
    29,
    62,
    102,
    35,
    112,
    51,
    106,
    32,
    102,
    103,
    31,
    20,
    73,
    44,
    97,
    90,
    18,
    58,
    10,
    71,
    39,
    57,
    35,
    33,
    126,
    23,
    125,
    41,
    84,
    27,
    23,
    124,
    19,
    30,
    89,
    16,
    27,
    20,
    124,
    119,
    107,
    115,
    13,
    25,
    55,
    66,
    106,
    82,
    3,
    44,
    127,
    29,
    35,
    67,
    59,
    101,
    102,
    17,
    43,
    9,
    65,
    111,
    49,
    25,
    103,
    36,
    55,
    55,
    2,
    35,
    43,
    85,
    50,
    57,
    118,
    67,
    16,
    128,
    19,
    111,
    82,
    57,
    104,
    28,
    87,
    67,
    80,
    76,
    11,
    87,
    65,
    92,
    103,
    1,
    34,
    82,
    16,
    1,
    59,
    77,
    100,
    78,
    114,
    46,
    58,
    9,
    78,
    10,
    60,
    63,
    112,
    15,
    122,
    62,
    33,
    116,
    55
    
    
};

int eval_weight[] =
{
    -10,
    46,
    39,
    34,
    13,
    27,
    -34,
    -51,
    -37,
    3,
    32,
    47,
    -25,
    39,
    44,
    -41,
    -36,
    9,
    39,
    -30,
    -13,
    -2,
    -1,
    3,
    51,
    27,
    -45,
    38,
    24,
    -19,
    -44,
    -35,
    -13,
    -14,
    45,
    -43,
    -3,
    -35,
    18,
    -27,
    4,
    -27,
    -47,
    24,
    26,
    -39,
    17,
    -31,
    45,
    -41,
    -11,
    18,
    15,
    49,
    -46,
    19,
    -7,
    23,
    26,
    -21,
    10,
    -23,
    12,
    22,
    -14,
    -35,
    18,
    24,
    -24,
    -33,
    9,
    33,
    21,
    -38,
    -9,
    17,
    -28,
    -47,
    37,
    42,
    -51,
    -21,
    43,
    17,
    35,
    22,
    -43,
    45,
    -29,
    -8,
    -28,
    -21,
    8,
    15,
    49,
    7,
    -33,
    -25,
    -23,
    35,
    25,
    0,
    -18,
    -13,
    14,
    47,
    -28,
    -5,
    -25,
    28,
    13,
    2,
    -35,
    34,
    29,
    46,
    -20,
    -12,
    -3,
    49,
    35,
    14,
    51,
    10,
    -44,
    20,
    14,
    31,
    36,
    -2,
    -45,
    -27,
    41,
    -10,
    -10,
    19,
    42,
    -46,
    19,
    20,
    32,
    -18,
    48,
    -21,
    -25,
    -8,
    -10,
    -40,
    -18,
    -37,
    41,
    13,
    10,
    -51,
    -14,
    33,
    -44,
    8,
    43,
    12,
    -49,
    26,
    -12,
    4,
    8,
    2,
    -27,
    22,
    -7,
    45,
    21,
    -45,
    10,
    -13,
    25,
    50,
    -44,
    46,
    -32,
    19,
    -31,
    -37,
    -29,
    24,
    5,
    4,
    45,
    8,
    -18,
    -20,
    -12,
    -2,
    45,
    -8,
    -44,
    -25,
    -14,
    20,
    24,
    10,
    -46,
    23,
    -13,
    16,
    46,
    32,
    -4,
    -7,
    -10,
    25,
    -28,
    -33,
    39,
    41,
    -48,
    8,
    -8,
    24,
    -14,
    23,
    13,
    -12,
    34,
    -35,
    15,
    20,
    -44,
    -26,
    -46,
    -24,
    50,
    -43,
    -27,
    17,
    38,
    27,
    -1,
    2,
    28,
    11,
    45,
    -10,
    45,
    44,
    -10,
    -13,
    28,
    2,
    47,
    5,
    41,
    -28,
    -24,
    -4,
    36,
    7,
    1,
    30,
    -20,
    3,
    18,
    15,
    -17,
    4,
    4,
    9,
    -44,
    -45,
    11,
    -22,
    11,
    36,
    4,
    -40,
    4,
    -1,
    -6,
    50,
    -9,
    16,
    -25,
    43,
    -5,
    44,
    22,
    -43,
    -50,
    30,
    -28,
    -26,
    -36,
    -28,
    -8,
    18,
    7,
    -23,
    -36,
    -33,
    -33,
    16,
    -4,
    10,
    12,
    23,
    -32,
    42,
    11,
    -39,
    27,
    3,
    -48,
    12,
    46,
    -51,
    33,
    50,
    -38,
    -19,
    -21,
    -25,
    -39,
    -37,
    0,
    8,
    -17,
    38,
    -21,
    7,
    14,
    3,
    -20,
    49,
    -33,
    17,
    21,
    8,
    -30,
    22,
    -36,
    -48,
    46,
    -8,
    -8,
    -27,
    45,
    24,
    42,
    36,
    -20,
    -35,
    -34,
    -9,
    13,
    -39,
    37,
    16,
    -29,
    9,
    -44,
    -4,
    -11,
    2,
    -18,
    -45,
    -20,
    14,
    -21,
    -49,
    5,
    -25,
    -47,
    -13,
    -17,
    8,
    41,
    23,
    -19,
    -32,
    32,
    -28,
    8,
    -19,
    -2,
    35,
    -35,
    -34,
    -10,
    -21,
    -30,
    -21,
    22,
    26,
    -20,
    -4,
    25,
    -30,
    1,
    -40,
    1,
    10,
    47,
    2,
    -29,
    15,
    1,
    10,
    -20,
    -13,
    19,
    26,
    -27,
    -47,
    25,
    33,
    -19,
    -27,
    -43,
    49,
    43,
    -19,
    1,
    -13,
    -26,
    -1,
    26,
    -10,
    9,
    9,
    50,
    -13,
    -46,
    -15,
    -26,
    43,
    -50,
    27,
    8,
    -47,
    -50,
    -14,
    -10,
    -23,
    -38,
    -22,
    -37,
    -17,
    -40,
    51,
    33,
    -7,
    19,
    39,
    -43,
    23,
    -33,
    -5,
    41,
    -12,
    -47,
    1,
    -43,
    -40,
    22,
    -28,
    31,
    -50,
    -6,
    7,
    -2,
    -7,
    -38,
    22,
    23,
    19,
    -10,
    -2,
    -25,
    37,
    21,
    28,
    -28,
    47,
    -48,
    47,
    -9,
    32,
    -13,
    -14,
    -51,
    -7,
    -35,
    -41,
    -50,
    -17,
    38,
    -3,
    -44,
    -11,
    14,
    1,
    14,
    42,
    2,
    -47,
    38,
    -35,
    -29,
    -44,
    44,
    43,
    -35,
    -7,
    -7,
    -40,
    -24,
    28,
    -9,
    28,
    43,
    -46,
    -13,
    -9,
    39,
    11,
    -2,
    4,
    -25,
    21,
    0,
    51,
    24,
    50,
    5,
    18,
    7,
    28,
    -27,
    17,
    0,
    25,
    -43,
    0,
    10,
    -21,
    -40,
    -11,
    -12,
    44,
    -44,
    -4,
    -42,
    -19,
    7,
    1,
    -37,
    2,
    17,
    1,
    -24,
    -38,
    51,
    12,
    33,
    -26,
    -24,
    -19,
    27,
    37,
    48,
    0,
    14,
    3,
    -22,
    -14,
    49,
    -36,
    -50,
    8,
    -3,
    8,
    37,
    -8,
    23,
    -29,
    20,
    40,
    47,
    -24,
    13,
    -24,
    9,
    31,
    31,
    -35,
    6,
    -17,
    41,
    9,
    21,
    37,
    32,
    -29,
    -28,
    17,
    24,
    42,
    -49,
    46,
    4,
    29,
    37,
    40,
    -1,
    41,
    49,
    -21,
    -30,
    -14,
    -5,
    -45,
    -19,
    11,
    -14,
    24,
    3,
    14,
    -33,
    10,
    38,
    27,
    1,
    -28,
    -22,
    37,
    -47,
    19,
    -22,
    42,
    -50,
    -26,
    20,
    -9,
    28,
    34,
    15,
    25,
    -32,
    -49,
    -30,
    -19,
    38,
    37,
    -28,
    46,
    36,
    0,
    7,
    45,
    15,
    -43,
    34,
    47,
    -25,
    11,
    -49,
    -18,
    50,
    49,
    25,
    -34,
    49,
    -40,
    -8,
    42,
    -40,
    -3,
    15,
    38,
    -39,
    -3,
    -31,
    40,
    47,
    7,
    -5,
    17,
    -4,
    39,
    39,
    -12,
    1,
    -34,
    1,
    -41,
    38,
    13,
    19,
    12,
    22,
    -47,
    47,
    2,
    -34,
    -32,
    -43,
    39,
    1,
    -5,
    4,
    -4,
    -39,
    4,
    19,
    44,
    42,
    27,
    -26,
    30,
    20,
    30,
    -42,
    36,
    -49,
    41,
    7,
    42,
    -14,
    4,
    -7,
    -11,
    49,
    13,
    37,
    -19,
    -34,
    -36,
    -2,
    -26,
    -6,
    9,
    16,
    16,
    -2,
    -41,
    -35,
    -3,
    -21,
    39,
    -16,
    -46,
    -27,
    -44,
    42,
    30,
    -37,
    9,
    26,
    -10,
    5,
    -13,
    -8,
    -49,
    40,
    0,
    -9,
    -25,
    26,
    -37,
    -4,
    33,
    -39,
    -2,
    34,
    -1,
    3,
    -37,
    -40,
    -22,
    -38,
    20,
    -26,
    -50,
    10,
    -48,
    -8,
    -24,
    -5,
    39,
    -29,
    -32,
    18,
    34,
    39,
    -36,
    -29,
    -45,
    -10,
    8,
    -24,
    -41,
    12,
    -30,
    -30,
    -45,
    24,
    38,
    -22,
    20,
    -51,
    32,
    3,
    36,
    -11,
    -48,
    6,
    19,
    -13,
    3,
    44,
    37,
    -33,
    -31,
    -20,
    50,
    -42,
    -48,
    24,
    21,
    14,
    28,
    -29,
    -41,
    4,
    -27,
    -4,
    11,
    47,
    -41,
    -29,
    44,
    -13,
    13,
    -31,
    13,
    12,
    -6,
    -37,
    -17,
    -36,
    -36,
    42,
    14,
    -28,
    31,
    -35,
    -43,
    -48,
    25,
    47,
    -50,
    36,
    -30,
    -48,
    -44,
    24,
    -43,
    28,
    19,
    2,
    1,
    -28,
    -6,
    -22,
    45,
    -7,
    28,
    -17,
    44,
    -43,
    15,
    6,
    -18,
    32,
    -37,
    -34,
    44,
    -47,
    43,
    -27,
    51,
    -13,
    48,
    -48,
    -2,
    -34,
    -7,
    29,
    -4,
    -21,
    -33,
    -40,
    -18,
    40,
    -10,
    -50,
    -20,
    16,
    -17,
    -39,
    -31,
    19,
    -10,
    3,
    -6,
    -20,
    -13,
    21,
    0,
    -41,
    9,
    -6,
    37,
    -12,
    -34,
    -47,
    28,
    47,
    -35,
    -43,
    7,
    -5,
    -43,
    -19,
    -6,
    10,
    -49,
    31,
    -13,
    22,
    -40,
    29,
    32,
    38,
    -6,
    -8,
    -42,
    15,
    -1,
    36,
    24,
    44,
    28,
    40,
    -9,
    3,
    5,
    46,
    32,
    -35,
    39,
    -25,
    11,
    16,
    42,
    21,
    -10,
    50,
    43,
    12,
    -25,
    -8,
    -26,
    14,
    49,
    -49,
    25,
    -24,
    30,
    15,
    -17,
    -5,
    13,
    -50,
    41,
    -31,
    36,
    -50,
    47,
    32,
    -46,
    11,
    -6,
    -34,
    15,
    -51,
    37,
    -30,
    34,
    -39,
    -42,
    -16,
    14,
    49,
    3,
    29,
    34,
    22,
    -17,
    -36,
    41,
    -23,
    -19,
    19,
    -5,
    -26,
    -21,
    -34,
    12,
    -4,
    4,
    30,
    37,
    -27,
    10
    
};

int eval_bias[] =
{
    2,
    24,
    -5,
    14,
    27,
    -33,
    35,
    26,
    21,
    -10,
    28,
    6,
    14,
    11,
    15,
    25,
    11,
    17,
    -8,
    33,
    -4,
    -16,
    13,
    34,
    13,
    16,
    -4,
    32,
    -29,
    20,
    9,
    22
    
    
};

int eval_ref[] =
{
    -151,
    106,
    -103,
    100,
    26,
    77,
    -112,
    -133,
    -88,
    15,
    104,
    100,
    0,
    75,
    89,
    -29,
    -86,
    199,
    -153,
    -21,
    67,
    -21,
    -74,
    114,
    50,
    -31,
    75,
    98,
    -62,
    -25,
    -58,
    -114,
    -160,
    4,
    -99,
    192,
    -4,
    56,
    -123,
    -130,
    -234,
    79,
    109,
    67,
    -144,
    55,
    122,
    32,
    -151,
    94,
    96,
    -7,
    9,
    123,
    -184,
    242,
    -17,
    2,
    60,
    98,
    34,
    43,
    -110,
    -172,
    -231,
    60,
    -116,
    129,
    9,
    61,
    -118,
    -147,
    -187,
    96,
    37,
    32,
    -35,
    7,
    58,
    58,
    -91,
    114,
    10,
    21,
    51,
    80,
    -254,
    211,
    40,
    -4,
    91,
    88,
    -6,
    9,
    -184,
    -73,
    -221,
    45,
    -124,
    140,
    13,
    68,
    -104,
    -119,
    -49,
    73,
    -26,
    51,
    -12,
    -121,
    64,
    23,
    -6,
    79,
    -62,
    140,
    57,
    17,
    -115,
    213,
    51,
    7,
    95,
    37,
    -42,
    28,
    -108,
    -35,
    -117,
    72,
    -47,
    125,
    46,
    26,
    -40,
    -102,
    -174,
    -40,
    1,
    70,
    -18,
    -79,
    119,
    -27,
    -65,
    83,
    36,
    51,
    38,
    78,
    -188,
    176,
    1,
    27,
    -14,
    52,
    -10,
    -1,
    -30,
    -141,
    -253,
    30,
    -79,
    91,
    44,
    50,
    -53,
    -162,
    -96,
    84,
    54,
    38,
    -21,
    9,
    132,
    40,
    -67,
    121,
    25,
    61,
    88,
    -2,
    -79,
    218,
    131,
    -1,
    143,
    111,
    -48,
    30,
    -119,
    -67,
    -171,
    46,
    -78,
    103,
    40,
    3,
    -109,
    -149,
    -92,
    71,
    36,
    12,
    -57,
    8,
    106,
    33,
    -59,
    -48,
    42,
    59,
    25,
    79,
    -91,
    266,
    55,
    74,
    80,
    5,
    22,
    24,
    -182,
    -21,
    -98,
    18,
    -136,
    105,
    -30,
    76,
    1,
    -105,
    -161,
    14,
    8,
    116,
    -37,
    -20,
    70,
    25,
    -31,
    66,
    67,
    -10,
    31,
    11,
    -161,
    256,
    87,
    45,
    -26,
    108,
    -99,
    36,
    -23,
    -120
    
};
